34 0 0 723
37 0 0 0
3 0 729 0
16 1 0 640
22 1 728 0
26 1 0 0
41 2 0 0
44 2 0 616
46 3 0 0
27 3 0 596
1 4 0 0
19 4 656 635
43 4 0 665
10 4 572 0
28 5 0 0
33 5 0 596
49 5 634 0
30 5 543 596
5 6 678 0
24 6 0 585
39 6 0 0
50 7 0 0
6 7 0 568
29 8 0 0
35 8 497 0
47 8 0 696
17 9 0 506
31 9 668 0
9 9 0 0
40 10 0 622
18 10 446 622
7 10 546 0
25 10 0 0
45 11 0 0
48 11 583 566
4 11 604 0
36 11 0 519
42 12 482 0
11 12 0 640
2 12 0 0
13 13 554 0
21 13 446 549
8 13 0 549
12 13 0 0
38 14 0 0
23 14 465 0
14 15 426 0
15 15 0 0
20 16 321 0
32 16 0 0
