43 0 0 0
38 0 147 0
23 0 0 136
27 0 147 151
29 1 0 0
8 1 0 158
17 1 178 158
7 1 184 0
14 1 184 82
18 2 0 0
16 2 0 162
21 2 163 0
11 2 165 162
36 3 0 0
2 3 0 150
41 3 164 0
12 3 166 150
4 4 0 0
35 4 0 139
19 4 174 0
37 4 177 139
24 5 0 0
42 5 0 122
44 6 0 0
48 6 0 145
34 6 141 0
47 6 156 145
46 7 0 0
1 7 0 141
45 7 144 0
3 7 144 164
6 8 0 0
25 8 0 179
32 9 0 0
13 9 127 0
9 9 0 155
26 9 127 159
20 10 0 0
50 10 121 0
5 10 121 131
30 10 0 152
49 11 0 0
22 11 0 111
15 11 138 111
31 11 160 0
39 12 0 0
33 12 123 0
10 12 123 147
28 12 0 134
40 13 0 0
