36 0 0 0
20 0 362 0
47 1 346 0
4 1 0 347
44 1 147 347
43 1 0 0
35 2 0 304
50 2 0 0
17 3 0 0
25 3 264 0
34 3 0 344
12 4 0 0
14 4 0 349
22 4 296 322
37 4 260 0
38 5 0 0
31 5 281 0
33 5 0 308
42 6 0 0
49 6 0 225
24 7 0 284
3 7 299 281
45 7 0 0
8 7 284 0
15 8 0 0
21 8 0 302
16 8 263 0
41 9 0 0
39 9 325 0
1 9 0 225
6 10 0 0
9 10 0 212
10 10 315 0
29 10 243 314
28 11 0 0
30 11 278 0
13 11 262 270
46 11 0 219
27 12 0 204
18 12 261 0
23 12 155 368
32 12 0 0
48 12 155 204
26 13 261 0
11 13 245 345
19 13 0 352
2 13 0 175
40 13 233 182
7 13 0 0
5 14 0 135
